1775410200 38.3 88.6
1775410500 77.7 91.5
1775410800 79.3 33.5
1775411100 38.6 49.2
1775411400 64.9 42.1
1775411700 36.2 2.7
1775412000 69 5.9
1775412300 76.3 92.6
1775412600 54 42.6
1775412900 17.2 73.6
1775413200 21.1 36.8
1775413500 56.7 42.9
1775413800 78.2 53
1775414100 86.2 12.3
1775414400 6.7 13.5
1775414700 92.9 80.2
1775415000 2.2 5.8
1775415300 6.9 16.7
1775415600 39.3 45.6
1775415900 1.1 4.2
1775416200 22.9 37.3
1775416500 42.1 91.9
1775416800 78.4 53.7
1775417100 19.8 32.4
1775417400 31.5 37
1775417700 41.3 52.6
1775418000 9.1 98
1775418300 95.6 87.3
1775418600 86.2 17
1775418900 99.6 28.1
1775419200 30.5 92.5
1775419500 8.4 32.7
1775419800 33.6 50.5
1775420100 84.6 72.9
1775420400 31.3 85.7
1775420700 12.4 89.5
1775421000 58.2 54.5
1775421300 81.4 36.7
1775421600 43.4 36.4
1775421900 4.3 75
1775422200 8.7 80.8
1775422500 27.6 17.8
1775422800 78.8 58.4
1775423100 40.3 65.1
1775423400 75.4 39.9
1775423700 93.2 6
1775424000 67.6 36.8
1775424300 73.9 1.2
1775424600 22.6 58.6
1775424900 9.4 53.9
1775425200 79.5 57
1775425500 43.4 37.8
1775425800 46.7 60.1
1775426100 9.7 90.2
1775426400 31.7 49.2
1775426700 65.2 75.6
1775427000 30.1 28
1775427300 28.6 44.1
1775427600 86.5 68.9
1775427900 44.4 61.9
1775428200 44 72.9
1775428500 3.1 11.7
1775428800 9.7 77.1
1775429100 48.1 67.5
1775429400 70.9 92.7
1775429700 56.7 85.6
1775430000 49.7 35.3
1775430300 58.6 96.5
1775430600 30.6 68.3
1775430900 21.9 62.4
1775431200 52.8 87.1
1775431500 73.2 82.9
1775431800 50.3 1.9
1775432100 27 36.8
1775432400 70.8 71.5
1775432700 34 14.9
1775433000 79.6 72.3
1775433300 61.8 24.5
1775433600 84.6 45.1
1775433900 92.1 55.5
1775434200 37.9 48.8
1775434500 76.4 22.8
1775434800 84.1 35
1775435100 19.3 50
1775435400 3.4 76.4
1775435700 12.4 91.4
1775436000 98.7 85.6
1775436300 74.3 49.1
1775436600 22.7 36.5
1775436900 85.9 93.6
1775437200 43.2 55.1
1775437500 43.7 22.8
1775437800 27.5 40.7
1775438100 47.4 12.1
1775438400 85.8 39.5
1775438700 2.9 23.7
1775439000 23.5 79.3
1775439300 81.8 42.8
1775439600 14.3 1.1
1775439900 92.8 52.9
1775440200 77.6 40.4
1775440500 44.3 76.3
1775440800 61.3 53.8
1775441100 60.6 84
1775441400 90.4 81.8
1775441700 12.8 68.8
1775442000 36.9 91.7
1775442300 91.7 99.6
1775442600 32.4 74.3
1775442900 47 18.3
1775443200 49 49.9
1775443500 77.2 72.5
1775443800 64.4 59
1775444100 50.5 13.9
1775444400 95.4 78.6
1775444700 66.9 8.2
1775445000 54.2 46.4
1775445300 19.7 50.7
1775445600 35.5 80.4
1775445900 34.8 61.1
1775446200 62.2 82.8
1775446500 29.9 34.3
1775446800 74.6 56.8
1775447100 34 42.2
1775447400 31.1 81
1775447700 60.5 80.1
1775448000 66.1 73
1775448300 87.8 30.5
1775448600 32 73.6
1775448900 44.4 62.6
1775449200 52.2 46.5
1775449500 70.8 41.6
1775449800 28.2 25.8
1775450100 92.4 63.7
1775450400 6.2 62.4
1775450700 60 3.6
1775451000 45.2 89.9
1775451300 37.9 55
1775451600 46.8 7.1
1775451900 97.3 13.1
1775452200 88.1 93
1775452500 93.3 89.4
1775452800 66 16.3
1775453100 19.9 98.1
1775453400 89.9 99.6
1775453700 95.9 77.3
1775454000 81.3 66.8
1775454300 19 9.5
1775454600 92.6 46.6
1775454900 8.4 34
1775455200 9 68.4
1775455500 37.6 54.2
1775455800 93.6 10.7
1775456100 44.5 75.6
1775456400 17.9 41.8
1775456700 88.7 41.2
1775457000 34.8 17.2
1775457300 65.9 0.9
1775457600 33.6 21
1775457900 34.2 58.7
1775458200 20.6 30.1
1775458500 71.3 37.2
1775458800 32.1 25.5
1775459100 81.9 59.9
1775459400 72.1 90.4
1775459700 93.9 81.1
1775460000 94 66.7
1775460300 70.5 22.8
1775460600 12.7 15
1775460900 98.4 65.8
1775461200 92 22.4
1775461500 42.2 26.9
1775461800 39.6 8.1
1775462100 63 8.4
1775462400 29.2 97.2
1775462700 67.2 85
1775463000 62.5 38.5
1775463300 22.2 29.9
1775463600 64 4.2
1775463900 89.8 71.3
1775464200 29.8 19
1775464500 52.4 59
1775464800 20.9 58.1
1775465100 81.9 33.6
1775465400 73.2 15.5
1775465700 99.4 0.4
1775466000 37.9 76.9
1775466300 27.3 77.6
1775466600 85 25.5
1775466900 86 14.2
1775467200 57.9 88.4
1775467500 99.3 20.5
1775467800 62.1 56.7
1775468100 50.4 61.3
1775468400 96.1 75.4
1775468700 32.6 25.9
1775469000 94.4 20.2
1775469300 20.2 50.6
1775469600 78.4 2.1
1775469900 84.2 86.8
1775470200 52.8 18.9
1775470500 87.2 90.8
1775470800 95.8 49.8
1775471100 3.6 80.8
1775471400 75.3 24.8
1775471700 30.3 33.3
1775472000 13.3 64.8
1775472300 89 75.4
1775472600 56.7 74.6
1775472900 36.8 52.9
1775473200 50 4.6
1775473500 78.8 79.7
1775473800 24.9 99
1775474100 30.3 3.3
1775474400 36.3 49.7
1775474700 25.3 89.2
1775475000 68.6 12.5
1775475300 15.2 99.6
1775475600 97.5 18.8
1775475900 15.7 72.9
1775476200 43.6 46
1775476500 41.4 92.1
1775476800 46 30.4
1775477100 2.8 2.7
1775477400 5 74.8
1775477700 55.6 90.2
1775478000 79.4 69.7
1775478300 69.9 4.3
1775478600 3.9 0.2
1775478900 42.8 40.3
1775479200 50 68.1
1775479500 64.7 53.8
1775479800 15.9 15.1
1775480100 53.5 13.4
1775480400 33.9 69.2
1775480700 21.5 12.7
1775481000 50.4 62.9
1775481300 4.9 96.4
1775481600 28.5 42.9
1775481900 34.3 33.5
1775482200 17.7 90
1775482500 23.8 97.1
1775482800 94.9 28.9
1775483100 36.7 98.8
1775483400 29.2 79.5
1775483700 74.3 14.4
1775484000 82.9 39
1775484300 68.2 34
1775484600 54.1 56.9
1775484900 82.6 23.2
1775485200 26.1 4.2
1775485500 36 11.7
1775485800 2.3 76.1
1775486100 8.1 30.9
1775486400 19 42.5
1775486700 99.6 36.7
1775487000 67.7 23.4
1775487300 69 62.6
1775487600 52.4 5.7
1775487900 61.4 16.8
1775488200 20.5 35.8
1775488500 31.2 38.6
1775488800 10 34.6
1775489100 72.6 99.4
1775489400 91.6 55.2
1775489700 57.8 52.9
1775490000 94.6 29
1775490300 64.7 97
1775490600 5.1 8
1775490900 63.1 59.3
1775491200 85.7 62.7
1775491500 31.2 88.6
1775491800 21.4 35.5
1775492100 51.2 9
1775492400 41.2 47.9
1775492700 61 96.9
1775493000 18.9 27.4
1775493300 35.5 64.1
1775493600 62 43.3
1775493900 98.7 88.8
1775494200 33.8 56.6
1775494500 77 28.4
1775494800 85.6 41.7
1775495100 60.6 26
1775495400 84.9 23.7
1775495700 20.5 5.9
1775496000 21.7 51.8
1775496300 94.5 78.3
1775496600 87.3 45.8
1775496900 87.3 63.7
1775497200 28.9 48.3
1775497500 60.7 47.8
1775497800 75.7 31.4
1775498100 47.1 72.9
1775498400 10 45.9
1775498700 61.8 43.8
1775499000 2.5 38.8
1775499300 7.4 23.3
1775499600 15.7 68.1
1775499900 49.3 35.8
1775500200 27 69.9
1775500500 41.7 83.9
1775500800 56.9 36.3
1775501100 62.2 79.4
1775501400 17.3 84.7
1775501700 43.1 46.2
1775502000 68.2 39
1775502300 29.2 79.1
1775502600 5.7 11.5
1775502900 52.1 15.7
1775503200 57.4 49.1
1775503500 94.7 95.1
1775503800 23.1 2.1
1775504100 53.7 74
1775504400 5.4 3
1775504700 9.8 32.5
1775505000 8.1 51.6
1775505300 51.6 0.2
1775505600 23.1 13.9
1775505900 79.6 40.4
1775506200 33.8 58
1775506500 21.8 2.1
1775506800 97 86.2
1775507100 81.2 37.9
1775507400 97.7 68.5
1775507700 53.6 90.4
1775508000 17.6 48.3
1775508300 20.7 75.9
1775508600 85.7 74.4
1775508900 49.9 91.1
1775509200 12.7 95
1775509500 23.6 56
1775509800 81.8 10.5
1775510100 56.3 4.9
1775510400 24.4 71.1
1775510700 80.5 93.4
1775511000 29.1 37.5
1775511300 95.5 61.4
1775511600 58.9 76.8
1775511900 99.3 91.8
1775512200 80.5 88.2
1775512500 82.2 98.2
1775512800 71.7 3
1775513100 9.3 57.4
1775513400 12.6 59.3
1775513700 48.6 25.3
1775514000 54.3 7.4
1775514300 81.4 71.3
1775514600 17.9 37.7
1775514900 76.2 77.5
1775515200 8.8 91.9
1775515500 71 73.2
1775515800 29.4 1.7
1775516100 34.6 23.5
1775516400 13.7 69.1
1775516700 15.3 94.3
1775517000 57.3 32.8
1775517300 92.5 29.1
1775517600 71 1.8
1775517900 21.7 83.6
1775518200 96.3 5.5
1775518500 9 85.8
1775518800 13 90.4
1775519100 57.1 66.1
1775519400 63.3 68.5
1775519700 78.9 7.3
1775520000 60.4 85.1
1775520300 80.5 25
1775520600 86.8 50.3
1775520900 48.5 0.6
1775521200 19.5 63.9
1775521500 94.9 12
1775521800 96.7 22.6
1775522100 76.3 67.7
1775522400 59.6 98.1
1775522700 86.5 56
1775523000 3.6 95.5
1775523300 77 51.8
1775523600 21.1 34.2
1775523900 53.2 19.6
1775524200 37.9 32.1
1775524500 27 98.4
1775524800 17.2 42.7
1775525100 23.4 4
1775525400 28.3 7.2
1775525700 39.8 83
1775526000 6.3 34.7
1775526300 95 3
1775526600 57.3 71.4
1775526900 5.9 52.2
1775527200 4.7 92.4
1775527500 8.2 43.5
1775527800 23.2 20.4
1775528100 95.4 44.3
1775528400 89.8 48.6
1775528700 64 27.8
1775529000 15.9 26.2
1775529300 26.2 68.3
1775529600 4.1 84.8
1775529900 72.3 32.4
1775530200 27.2 12.2
1775530500 15.4 33.5
1775530800 82.1 45.7
1775531100 36.5 74.7
1775531400 17.1 77.6
1775531700 26.9 21.8
1775532000 70.1 70.3
1775532300 65.3 93.3
1775532600 90.7 95.9
1775532900 72.8 80.6
1775533200 79.7 72
1775533500 8.4 30.8
1775533800 33.4 69.8
1775534100 99.1 37.6
1775534400 89.8 71.5
1775534700 5.2 17.1
1775535000 18.9 55.9
1775535300 50.6 1
1775535600 1.6 22.4
1775535900 10.9 53.9
1775536200 0 37.8
1775536500 10.9 5.3
1775536800 8.1 11.4
1775537100 33.8 98.9
1775537400 42.6 6.7
1775537700 14.7 22.3
1775538000 78.7 23.1
1775538300 53.2 12.2
1775538600 28.1 87.5
1775538900 85 17.9
1775539200 59 25.4
1775539500 35 13.1
1775539800 81.3 85.7
1775540100 49.4 18.1
1775540400 8.1 60.3
1775540700 72 43.3
1775541000 98.2 18.1
1775541300 48.7 41.5
1775541600 29.6 82.5
1775541900 40.4 72.2
1775542200 89.2 55.1
1775542500 29.7 3.2
1775542800 13.4 18.1
1775543100 50.6 41.5
1775543400 5.7 70.8
1775543700 59.5 99.9
1775544000 96.2 29.7
1775544300 48.3 77.6
1775544600 15.4 97.7
1775544900 30.9 58.7
1775545200 93.2 38.2
1775545500 2.1 26.6
1775545800 56.3 86
1775546100 68.2 21.1
1775546400 68.5 8.6
1775546700 28.5 93
1775547000 99 58.3
1775547300 31.4 47.6
1775547600 11.6 82
1775547900 89.2 52.5
1775548200 52.8 83.9
1775548500 52.5 49
1775548800 13.6 36
1775549100 61.8 64.3
1775549400 33.7 92.8
1775549700 58.2 62.1
1775550000 31 95.5
1775550300 88.8 22.5
1775550600 81.5 57
1775550900 43.7 85.3
1775551200 0.8 72.2
1775551500 78.3 35
1775551800 65.7 9.7
1775552100 82.7 12.6
1775552400 26.9 7.1
1775552700 65.1 14.9
1775553000 91 52.8
1775553300 63.9 39.8
1775553600 88.8 61
1775553900 39.3 57.7
1775554200 89 97.6
1775554500 19.9 55.2
1775554800 93.1 8.7
1775555100 77.7 9.9
1775555400 65.7 56.6
1775555700 95.2 1.7
1775556000 64.1 73.5
1775556300 36.8 29.8
1775556600 18.4 19.5
1775556900 77.6 80.5
1775557200 26.6 42.8
1775557500 95.4 52.8
1775557800 30.8 59.3
1775558100 27.8 19.7
1775558400 55.5 67.2
1775558700 77.4 44.5
1775559000 0 32.5
1775559300 99.7 28.3
1775559600 41.2 12.7
1775559900 38.2 42.1
1775560200 69.3 33.4
1775560500 43.9 33.4
1775560800 42.1 15.9
1775561100 98.5 95.7
1775561400 35.4 76.1
1775561700 76.2 97.2
1775562000 54.1 71.6
1775562300 85.2 85
1775562600 66.2 48.2
1775562900 39.9 21.7
1775563200 15.4 17.3
1775563500 1.5 50.6
1775563800 85.1 36.4
1775564100 79 26.3
1775564400 49.1 17.2
1775564700 3.7 53.7
1775565000 85.9 82.8
1775565300 87.1 28
1775565600 98.7 85.6
1775565900 59 34.1
1775566200 97 35.2
1775566500 66.5 51.1
1775566800 6.9 51.7
1775567100 36.1 8.3
1775567400 35.1 11.2
1775567700 30 50.6
1775568000 63.8 66.7
1775568300 36.4 48.9
1775568600 3.2 15.4
1775568900 10.4 87.5
1775569200 67.9 14.1
1775569500 41.2 53.8
1775569800 96.9 63.6
1775570100 17 95.6
1775570400 84.4 76
1775570700 64.9 81.4
1775571000 46.5 31.4
1775571300 32.6 88.6
1775571600 18.3 3.9
1775571900 96.9 53.5
1775572200 15.2 62.1
1775572500 39.3 79
1775572800 28.9 10.9
1775573100 63.1 67.3
1775573400 26.4 73.5
1775573700 54.8 29.5
1775574000 87.7 31.3
1775574300 83.3 19.8
1775574600 94.9 35.5
1775574900 15.5 79.3
1775575200 46.8 15.6
1775575500 96 93.3
1775575800 82.3 28.6
1775576100 17.1 35.8
1775576400 67.7 14
1775576700 24.5 18.1
1775577000 76.1 99
1775577300 32.3 5
1775577600 10 95.4
1775577900 7.5 36.4
1775578200 4.2 62.4
1775578500 65.9 91.9
1775578800 28.9 84.4
1775579100 46.9 23.8
1775579400 55.1 97.6
1775579700 38.3 1.9
1775580000 13.3 34.3
1775580300 30.4 95.6
1775580600 98.1 47.5
1775580900 66.6 1.1
1775581200 96.7 91.2
1775581500 19.2 72.9
1775581800 90.2 86.8
1775582100 13.1 0.2
1775582400 17.4 20.7
1775582700 71.8 21.6
1775583000 18.3 37.7
1775583300 48.7 47.2
1775583600 57.3 95.7
1775583900 6.2 12.5
1775584200 93.3 79.7
1775584500 49.6 41.8
1775584800 14.1 15.3
1775585100 72.6 47.4
1775585400 98 39.3
1775585700 48.5 94.8
1775586000 30.5 3
1775586300 2.9 55.9
1775586600 89.8 16
1775586900 56.2 42.4
1775587200 71.9 28
1775587500 64.1 90.2
1775587800 1 48
1775588100 72.6 58.3
1775588400 78.9 14
1775588700 70.8 72.3
1775589000 93.8 55.7
1775589300 49.3 43.1
1775589600 71 22
1775589900 90.5 69
1775590200 61.3 39.1
1775590500 63.8 27
1775590800 42.1 66.7
1775591100 82.9 67.1
1775591400 18 74.3
1775591700 9.5 89.9
1775592000 2.4 8.8
1775592300 15.4 38.6
1775592600 56.9 23.2
1775592900 96.9 71
1775593200 37.3 3
1775593500 43.3 66.3
1775593800 58.7 27.9
1775594100 9.4 64.9
1775594400 49.9 35.1
1775594700 33.9 46.4
1775595000 74.2 33
1775595300 8.6 51.5
1775595600 34.9 91.5
1775595900 18.6 88.1
1775596200 1.1 63.4
1775596500 13.3 38.7
1775596800 72.2 28.7
1775597100 77.3 64.3
1775597400 51.9 74.2
1775597700 35.4 24.4
1775598000 12.4 13.9
1775598300 25.9 6.3
1775598600 41.8 35.3
1775598900 71.2 26.9
1775599200 70.5 40.4
1775599500 73.3 79.9
1775599800 73.4 81.9
1775600100 31.5 43.5
1775600400 8.7 85.3
1775600700 66.9 45
1775601000 48.7 80.2
1775601300 83.7 56.2
1775601600 8.9 61
1775601900 20.5 96
1775602200 70.4 91.1
1775602500 55.7 82.9
1775602800 40.3 81.6
1775603100 89.2 82.1
1775603400 52.2 60.5
1775603700 44.3 57.9
1775604000 36.1 52.8
1775604300 37.8 44.7
1775604600 70 4.5
1775604900 88.2 78.7
1775605200 89.9 55.1
1775605500 58.9 38.6
1775605800 35.3 42.6
1775606100 94.8 79.4
1775606400 3.6 50.6
1775606700 10.7 9.2
1775607000 41.7 66.4
1775607300 92.1 82
1775607600 48 16.6
1775607900 99.4 35.4
1775608200 12.3 43.7
1775608500 93.3 48.4
1775608800 31.7 31.2
1775609100 93.1 1.7
1775609400 70.9 16.5
1775609700 15.6 60.8
1775610000 6.9 74.5
1775610300 99.5 42.2
1775610600 17.1 29.5
1775610900 56.9 55.9
1775611200 80.1 67.6
1775611500 65.2 57.1
1775611800 34 92.5
1775612100 74.3 17.2
1775612400 9.1 8.9
1775612700 52.7 56.6
1775613000 87.8 81.2
1775613300 5 19.6
1775613600 12.4 33.3
1775613900 21.3 18.6
1775614200 49.9 37
1775614500 79.4 56.8
1775614800 11.5 14.1
1775615100 34.2 63.9
1775615400 43.7 26.3
1775615700 19.8 59
1775616000 93.9 20.2
1775616300 51.3 63.1
1775616600 12.8 25.7
1775616900 80.4 57.1
1775617200 34.6 68.3
1775617500 13.8 22.5
1775617800 49.5 54
1775618100 42.1 97.2
1775618400 22.6 63.4
1775618700 15.8 72.5
1775619000 35.6 95.2
1775619300 64.5 47.2
1775619600 44.6 33.9
1775619900 11.1 88.3
1775620200 60.3 66.1
1775620500 82.5 54.2
1775620800 21.6 33.9
1775621100 17.4 34.4
1775621400 59.6 33
1775621700 26.7 29.4
1775622000 1.3 75.7
1775622300 51.9 86
1775622600 65 29.2
1775622900 83.2 87.6
1775623200 27.9 99
1775623500 95.3 63.5
1775623800 29.5 59.8
1775624100 10.7 74.1
1775624400 93.7 57
1775624700 97.6 54
1775625000 58.4 80.1
1775625300 8.3 80
1775625600 49.2 60.9
1775625900 49.6 44
1775626200 93.9 76.3
1775626500 73.5 30.4
1775626800 87.3 60.6
1775627100 16.4 52.3
1775627400 25.1 34.9
1775627700 75.1 53
1775628000 33.9 70.4
1775628300 16.5 98.6
1775628600 30.2 62.5
1775628900 7.9 59.1
1775629200 54.7 40.7
1775629500 48.4 13.1
1775629800 56.1 91.9
1775630100 93.1 5.3
1775630400 52.8 42.7
1775630700 49.4 81.9
1775631000 54.3 58.1
1775631300 12.3 76.8
1775631600 18.7 63.9
1775631900 64.3 43.8
1775632200 98.8 39.4
1775632500 32 68
1775632800 9.8 48.6
1775633100 1.8 75.2
1775633400 46.3 9.8
1775633700 69.5 1
1775634000 50.5 17.9
1775634300 14.2 6.6
1775634600 9.8 42.5
1775634900 47.2 97.8
1775635200 85.3 96.6
1775635500 79.7 74.8
1775635800 54.7 27.2
1775636100 51.6 8.6
1775636400 91.2 15.9
1775636700 87.7 90
1775637000 55.3 19.7
1775637300 93.2 0.3
1775637600 3.5 95.1
1775637900 10.7 49.8
1775638200 4.9 15.4
1775638500 86.1 90.6
1775638800 33.4 0.3
1775639100 32.5 78.4
1775639400 42.8 79.7
1775639700 76.3 63.3
1775640000 11.5 56
1775640300 38.1 1.4
1775640600 18.5 89.7
1775640900 10 9.7
1775641200 40.8 32.9
1775641500 34.9 31.3
1775641800 87.9 63.4
1775642100 31.6 91.4
1775642400 58.5 77.5
1775642700 76.5 98.6
1775643000 93 62.6
1775643300 89.2 61.6
1775643600 62.9 56.9
1775643900 75.2 40.9
1775644200 36.6 51.5
1775644500 39.5 83.3
1775644800 42.8 77.6
1775645100 84.7 61.3
1775645400 2.6 30
1775645700 6.2 78.6
1775646000 62.9 76.3
1775646300 10 50.8
1775646600 39.7 41.6
1775646900 77.5 98.2
1775647200 54.4 54
1775647500 32 82.6
1775647800 51.8 56.5
1775648100 79.4 49.9
1775648400 13.4 54.6
1775648700 90.8 85.3
1775649000 6.2 30.3
1775649300 68.6 84.2
1775649600 43.2 53.4
1775649900 80.7 81
1775650200 83.4 86.9
1775650500 59.6 81.5
1775650800 98.4 69.6
1775651100 32.4 38.2
1775651400 46.5 45.1
1775651700 71.6 36.1
1775652000 34.3 3.7
1775652300 18.7 86.1
1775652600 60.2 98.1
1775652900 36 8.8
1775653200 87.9 62
1775653500 94.1 29.3
1775653800 92.4 62.8
1775654100 13.5 70.8
1775654400 16.2 94.2
1775654700 87 99.6
1775655000 16.3 46.6
1775655300 81.1 50
1775655600 51.5 48.7
1775655900 23.4 33.2
1775656200 29 95
1775656500 69.3 63.3
1775656800 33.9 88
1775657100 49.4 29.3
1775657400 21.3 85.4
1775657700 38.2 44.4
1775658000 47.5 32.3
1775658300 73.8 75.1
1775658600 95.1 87.3
1775658900 81.1 46.5
1775659200 16.8 68.1
1775659500 81.3 68.3
1775659800 49.9 97.7
1775660100 53.5 1.4
1775660400 46.4 76.9
1775660700 34.6 10.7
1775661000 7.2 39.1
1775661300 74 41.1
1775661600 62.3 58.7
1775661900 5.7 83.6
1775662200 79.3 43.9
1775662500 28.1 62
1775662800 11.4 37.1
1775663100 37.1 41.8
1775663400 59.6 53.4
1775663700 88.3 76.4
1775664000 56.7 69.7
1775664300 80 6.7
1775664600 67.4 33.5
1775664900 43.3 49
1775665200 45.7 13.2
1775665500 94.9 52.9
1775665800 52.3 69
1775666100 29.2 14.7
1775666400 62.9 34.9
1775666700 33.5 42.2
1775667000 14 96.8
1775667300 4.3 25.5
1775667600 33.9 76.6
1775667900 2.5 93.6
1775668200 65.3 26
1775668500 5.2 22
1775668800 95.7 20.4
1775669100 28.7 98.3
1775669400 54 72.1
1775669700 82.6 99.7
1775670000 20.5 12.7
1775670300 87.8 72.8
1775670600 16.9 17
1775670900 22.7 79.8
1775671200 52 56.3
1775671500 22.1 66
1775671800 88.3 61.6
1775672100 26.7 22.3
1775672400 38.2 29.2
1775672700 51.1 3.5
1775673000 55.3 56.3
1775673300 60.8 86.2
1775673600 76.8 89.5
1775673900 19.8 66
1775674200 96.8 37.6
1775674500 0.9 17.3
1775674800 50.3 88.7
1775675100 25.4 67.3
1775675400 5.7 48.1
1775675700 82.3 92.9
1775676000 39.6 4.4
1775676300 94.2 28
1775676600 1.2 20.9
1775676900 85.5 74.7
1775677200 85.4 36.6
1775677500 13.4 75.9
1775677800 28.1 74.2
1775678100 97.3 40.1
1775678400 63.8 17.1
1775678700 41.3 95.8
1775679000 89.9 42.2
1775679300 48.4 75.5
1775679600 66.1 9
1775679900 78 7.1
1775680200 92.3 60.3
1775680500 0 32
1775680800 0 94.2
1775681100 95.2 1.2
1775681400 50.4 80.7
1775681700 75.9 35.8
1775682000 52.5 89.4
1775682300 11.7 15.8
1775682600 63.6 9
1775682900 56 62.6
1775683200 61.4 97.3
1775683500 93.7 86.5
1775683800 74.8 42.1
1775684100 62 40.9
1775684400 86.3 40
1775684700 83.2 78.6
1775685000 0.4 83.3
1775685300 45.8 35.6
1775685600 12.7 41
1775685900 36.8 63.1
1775686200 56.9 12.8
1775686500 34.1 44.6
1775686800 37.4 45.8
1775687100 60.5 1
1775687400 90.1 16.5
1775687700 98.9 86.7
1775688000 49 92.6
1775688300 73.2 23.8
1775688600 69.9 70.5
1775688900 0 56.2
1775689200 45.7 83.2
1775689500 34.8 46.1
1775689800 1.7 80.7
1775690100 16.9 49.7
1775690400 56.9 53.8
1775690700 12.8 13.9
1775691000 1.8 47
1775691300 58.5 39.2
1775691600 28 54.2
1775691900 75.4 53.3
1775692200 70.7 74.3
1775692500 40 55
1775692800 2.1 48.5
1775693100 78.8 72
1775693400 19 14
1775693700 63.4 64.7
1775694000 32.5 98.3
1775694300 46.1 69.4
1775694600 14.2 63
1775694900 19.1 6.3
1775695200 52 32
1775695500 55.4 53.8
1775695800 14.2 49.2
1775696100 93 42.2
1775696400 3.4 68.5
1775696700 30.8 9.4
1775697000 78 70.8
1775697300 64.4 80.2
1775697600 54.5 78.4
1775697900 52.2 8.7
1775698200 92.5 15.7
1775698500 73.5 60.2
1775698800 49.2 54.8
1775699100 29.6 98.6
1775699400 53 84
1775699700 4.9 5.1
1775700000 51.2 95.6
1775700300 58.9 65.4
1775700600 44.8 87.2
1775700900 42.8 48.2
1775701200 55.7 8.8
1775701500 57.6 33.7
1775701800 79.7 22
1775702100 13.9 69.4
1775702400 0.5 1.4
1775702700 78.2 28.2
1775703000 52.3 86.9
1775703300 23.6 1.5
1775703600 41.7 88.4
1775703900 35.3 29.9
1775704200 72.4 75.4
1775704500 35 23.6
1775704800 71 29.2
1775705100 24.2 15.8
1775705400 16.4 2.3
1775705700 64.1 72.1
1775706000 11.1 56.9
1775706300 41 26
1775706600 79 90.2
1775706900 95.5 14.7
1775707200 91.6 8.9
1775707500 78.1 43.9
1775707800 95.8 1.7
1775708100 80.6 37.5
1775708400 90.1 51.1
1775708700 67.4 97.8
1775709000 26.5 37.7
1775709300 56.6 97.6
1775709600 66.9 16.1
1775709900 13.4 83.3
1775710200 53.6 12.7
1775710500 90.6 99.9
1775710800 69.7 31.6
1775711100 26 83.9
1775711400 57 56.7
1775711700 98.6 48.6
1775712000 0.8 76.7
1775712300 27.7 96.6
1775712600 13.6 43.5
1775712900 69.3 3.7
1775713200 94.6 71.9
1775713500 36.7 21.2
1775713800 9.6 93.4
1775714100 54 11.7
1775714400 9.5 67.4
1775714700 95 63.1
1775715000 80.2 20.8
1775715300 63 85.1
1775715600 52.5 24.2
1775715900 69 44.7
1775716200 16.1 67.6
1775716500 93.4 16.9
1775716800 79.5 56.3
1775717100 13.5 93.1
1775717400 35.1 18
1775717700 32 29.7
1775718000 90 68.8
1775718300 86.1 99.6
1775718600 97.4 40.1
1775718900 11.4 6.9
1775719200 42.8 41.6
1775719500 5.2 58.2
1775719800 62.5 68.2
1775720100 43.3 50.2
1775720400 27.7 12.3
1775720700 94.9 79
1775721000 15.1 23.5
1775721300 96 94.6
1775721600 79.9 44.7
1775721900 22.9 50.2
1775722200 62.8 54.9
1775722500 79.9 52.8
1775722800 58.9 1.3
1775723100 87.6 56.3
1775723400 76.6 99
1775723700 98.4 19.4
1775724000 75.9 3.6
1775724300 77.6 38.4
1775724600 7.1 20.9
1775724900 23.8 70
1775725200 68.4 53.9
1775725500 49 83.5
1775725800 77.5 45
1775726100 78.1 92.6
1775726400 25 36.2
1775726700 42.8 87.8
1775727000 26.4 57.9
1775727300 75.8 85.3
1775727600 94.4 63.4
1775727900 76.9 71.1
1775728200 97.7 10.5
1775728500 25.7 73.6
1775728800 14.2 3.4
1775729100 47.2 56.5
1775729400 59.5 71
1775729700 26.5 63.2
1775730000 24.9 10.7
1775730300 46.7 37.6
1775730600 55.8 60.1
1775730900 30.2 16
1775731200 96.3 8.2
1775731500 3.8 22.7
1775731800 1.4 79.6
1775732100 43.3 95.8
1775732400 43 55.4
1775732700 66.9 40.7
1775733000 65.9 92.7
1775733300 49.5 80.1
1775733600 31.3 96.7
1775733900 71.8 26
1775734200 2.9 33.5
1775734500 89.2 63.1
1775734800 44.3 71.2
1775735100 0.7 35.3
1775735400 31.3 66.2
1775735700 51.3 62.8
1775736000 9.6 55.1
1775736300 85.6 11
1775736600 69.9 64.1
1775736900 6.9 48.1
1775737200 19.5 9
1775737500 88.9 85.4
1775737800 36.9 73.6
1775738100 0.8 68.2
1775738400 70.4 72.6
1775738700 29.5 73.3
1775739000 41.4 18.7
1775739300 36.4 85.7
1775739600 25.1 72.4
1775739900 21 56.4
1775740200 73.8 72.3
1775740500 19.3 83.4
1775740800 62.6 40.1
1775741100 94.5 32.5
1775741400 39.4 36.6
1775741700 80.6 58.9
1775742000 45.6 4.7
1775742300 79.5 82.6
1775742600 78.4 80.3
1775742900 86 84
1775743200 88.2 15.5
1775743500 57.3 64.8
1775743800 69.5 29
1775744100 50.5 94.6
1775744400 36.6 6.7
1775744700 86.3 10.4
1775745000 79 40.8
1775745300 29 76.8
1775745600 16.1 23.5
1775745900 9.3 55.5
1775746200 60.1 25.1
1775746500 14.4 41
1775746800 65.1 29.1
1775747100 58.8 43.5
1775747400 44.7 44.8
1775747700 27.5 68.1
1775748000 95.6 20
1775748300 32.9 65.1
1775748600 84.2 83.4
1775748900 94.9 56
1775749200 90.1 16.4
1775749500 66.4 4.3
1775749800 57.2 95.5
1775750100 81.1 73.3
1775750400 54.2 25.6
1775750700 64 49.6
1775751000 85.9 13.6
1775751300 25.8 51
1775751600 42.8 84.6
1775751900 29.7 87.5
1775752200 29.4 92.4
1775752500 55.6 25
1775752800 12.5 88.5
1775753100 25.3 31.9
1775753400 7.1 55.5
1775753700 88 32.4
1775754000 71.9 89.6
1775754300 36.7 64.4
1775754600 20.3 53
1775754900 72.9 74.6
1775755200 78.6 37
1775755500 59.4 64.5
1775755800 85.8 85.2
1775756100 50.8 28.6
1775756400 69.8 80.5
1775756700 51.3 34.4
1775757000 73 42.1
1775757300 94.7 20.7
1775757600 65.8 20
1775757900 87.8 72.9
1775758200 10.7 75.8
1775758500 5.3 17.9
1775758800 0.7 77.2
1775759100 17.5 21
1775759400 30.2 90.4
1775759700 30.8 44
1775760000 62.6 90.2
1775760300 8.6 48.5
1775760600 10.6 94.6
1775760900 12.3 80.4
1775761200 75.1 63.7
1775761500 50.1 83.3
1775761800 41 44.8
1775762100 39.2 6.9
1775762400 0 27.1
1775762700 15 10.8
1775763000 38.1 55.6
1775763300 28.7 38.8
1775763600 32.8 46.2
1775763900 95.1 98.3
1775764200 71.8 25.9
1775764500 42.3 34.5
1775764800 51.4 86.1
1775765100 18.2 97.2
1775765400 80.7 65.7
1775765700 12.9 91.1
1775766000 29.4 63
1775766300 74.4 5.7
1775766600 7.8 13.7
1775766900 12.6 7.8
1775767200 76 62.8
1775767500 18.6 14.1
1775767800 18.4 82.5
1775768100 88.2 86.5
1775768400 63.9 83.3
1775768700 84.8 35.8
1775769000 44.4 62.3
1775769300 5.5 31
1775769600 48.5 58.9
1775769900 28.3 64.4
1775770200 24.6 41.2
1775770500 55.5 89.3
1775770800 4.2 30
1775771100 95 12
1775771400 78.9 42.8
1775771700 55 54.9
1775772000 5.6 73.7
1775772300 4.2 24.1
1775772600 91.4 92.4
1775772900 45.8 55.4
1775773200 10.9 65.8
1775773500 26.4 55.4
1775773800 28.1 31.9
1775774100 21.6 11.8
1775774400 26 49.9
1775774700 76.3 50.6
1775775000 26.3 31.8
1775775300 39.9 30.5
1775775600 97 70.1
1775775900 77.7 11.1
1775776200 12.9 32.8
1775776500 1.2 18.6
1775776800 41.7 5.5
1775777100 77.9 68.3
1775777400 97.9 58.9
1775777700 23.7 8.9
1775778000 24.7 85.3
1775778300 99.5 88
1775778600 52.4 21.1
1775778900 99.9 78.4
1775779200 71.1 11.4
1775779500 64.3 32.6
1775779800 78.4 4.2
1775780100 63.2 10.7
1775780400 9.6 76.1
1775780700 21.8 22.5
1775781000 44.1 23.1
1775781300 76.3 21
1775781600 28.6 89.4
1775781900 89.4 61.7
1775782200 83.5 48.3
1775782500 5.8 8.2
1775782800 33.7 5.3
1775783100 31.5 21.3
1775783400 61.7 31.4
1775783700 99.8 68
1775784000 78 64.1
1775784300 0.6 56.4
1775784600 3.5 63.8
1775784900 2.3 13.1
1775785200 75.2 24.2
1775785500 70.9 54.5
1775785800 82.5 82.4
1775786100 75.6 46.3
1775786400 7.1 0.2
1775786700 8 90.6
1775787000 48.5 49.1
1775787300 98.9 17.4
1775787600 54.4 65.6
1775787900 38.8 16.1
1775788200 97 73.8
1775788500 84.1 10.2
1775788800 37.9 84.8
1775789100 1.8 76.6
1775789400 83.8 4.2
1775789700 25 94.2
1775790000 28.4 95.9
1775790300 48.8 46.1
1775790600 13.5 59.6
1775790900 92.4 20.6
1775791200 59.8 35.6
1775791500 11.3 43.5
1775791800 84.7 45.4
1775792100 96.2 74.4
1775792400 11 70.2
1775792700 25.7 43.2
1775793000 44 45.1
1775793300 88.6 17.1
1775793600 29.9 90.4
1775793900 28.9 48.9
1775794200 94.6 53.9
1775794500 78.4 58.2
1775794800 85 27.2
1775795100 4.3 98.6
1775795400 86.8 31.9
1775795700 19.2 81.8
1775796000 67.6 65.7
1775796300 25.3 87.5
1775796600 46.3 21.5
1775796900 61.9 92.5
1775797200 26.9 87.7
1775797500 70.9 70.9
1775797800 68 59.5
1775798100 23.2 33.1
1775798400 50 52.2
1775798700 82 44.6
1775799000 41.3 95.6
1775799300 2.9 26.4
1775799600 22.8 42.4
1775799900 25 44.8
1775800200 74.4 79.4
1775800500 61.8 77.2
1775800800 80.4 87.2
1775801100 64.7 26.7
1775801400 43.9 61.9
1775801700 19.3 70.9
1775802000 84.8 25.4
1775802300 77 52.8
1775802600 85 35.5
1775802900 85.9 35
1775803200 22.9 3.1
1775803500 14.8 64.2
1775803800 98.8 17.7
1775804100 90.6 56.8
1775804400 95.4 50.8
1775804700 36.9 69.8
1775805000 30.3 98.7
1775805300 47 10.7
1775805600 21.1 46.9
1775805900 72.6 0.3
1775806200 44 27.1
1775806500 6.4 28.8
1775806800 52.6 18.6
1775807100 81.6 37.6
1775807400 54.1 2.7
1775807700 7.8 12.2
1775808000 5.9 22.6
1775808300 76.5 39.9
1775808600 40.4 2.3
1775808900 96.7 35.8
1775809200 53.2 68.8
1775809500 40.8 18.7
1775809800 67.6 23
1775810100 29.4 23.9
1775810400 5.1 37.2
1775810700 24.2 49.2
1775811000 64.4 30.6
1775811300 78 52.2
1775811600 49.3 94.9
1775811900 89.8 38.6
1775812200 32.8 97.6
1775812500 50.9 38.7
1775812800 20.2 62.6
1775813100 13.8 95.8
1775813400 64.9 45.8
1775813700 66.8 18.1
1775814000 14.6 42.8
1775814300 72 17.4
1775814600 65.8 1.4
1775814900 41.4 6.2
1775815200 73.9 65.6
1775815500 55.4 73.5
1775815800 31.5 33.4
1775816100 25.7 16
1775816400 63.5 50.7
1775816700 54.6 96.4
1775817000 48.3 5.5
1775817300 70.3 3.7
1775817600 3.3 84.2
1775817900 34.8 68.3
1775818200 30 36.8
1775818500 21.6 44.6
1775818800 14.9 93.7
1775819100 62.1 15.9
1775819400 30.3 38.7
1775819700 22.1 4.2
1775820000 4.3 77.5
1775820300 77.7 71
1775820600 46.2 38.6
1775820900 87 9.7
1775821200 89.3 41.7
1775821500 6.1 72.8
1775821800 82.4 11.7
1775822100 76.6 85.8
1775822400 95.9 46.6
1775822700 89.3 25.9
1775823000 18.6 10.9
1775823300 5.7 33.5
1775823600 4.6 3
1775823900 49.5 70.2
1775824200 41.7 71.6
1775824500 9.6 81.3
1775824800 49.2 87.4
1775825100 52.3 30.6
1775825400 26 39.4
1775825700 40.3 50.6
1775826000 16.3 81.7
1775826300 23.4 33.9
1775826600 93.4 35.2
1775826900 54.9 89.3
1775827200 81.8 44.2
1775827500 50.4 0.5
1775827800 90.4 91.3
1775828100 69.2 30.2
1775828400 94.4 18.7
1775828700 0.4 36.1
1775829000 25.6 10.1
1775829300 52.6 74.8
1775829600 32.7 5
1775829900 5.4 93.9
1775830200 79.6 80.9
1775830500 44.5 31.1
1775830800 62.6 68
1775831100 0.2 91.2
1775831400 3.2 55.2
1775831700 15.7 20.3
1775832000 34.6 66.1
1775832300 56 25
1775832600 92.7 25.2
1775832900 55.3 87.1
1775833200 44 55.7
1775833500 58.4 4.8
1775833800 1 11.1
1775834100 14.8 33.7
1775834400 51.3 55.4
1775834700 27.7 66.1
1775835000 36.3 7.4
1775835300 32.4 34.2
1775835600 75.4 32.6
1775835900 25.4 13.9
1775836200 87.8 76.4
1775836500 34.2 22.5
1775836800 77.7 90.2
1775837100 82.7 70.4
1775837400 15.4 38
1775837700 57.5 94.6
1775838000 29 16
1775838300 99.4 30
1775838600 62.3 14.2
1775838900 99 48.8
1775839200 69.6 61.9
1775839500 14.9 41.2
1775839800 69.3 82.5
1775840100 75.4 44.8
1775840400 15.1 36
1775840700 58.7 38.2
1775841000 12.4 92.9
1775841300 95.9 90.2
1775841600 18.3 78.6
1775841900 60.6 33.7
1775842200 16.7 53.4
1775842500 63.6 80.9
1775842800 4.6 63
1775843100 10.9 66.9
1775843400 12.5 45.1
1775843700 15.7 17.3
1775844000 7 65.8
1775844300 58.5 76.4
1775844600 48.3 33.9
1775844900 56.4 98.6
1775845200 5.2 50.3
1775845500 36.8 17.6
1775845800 43.2 32.7
1775846100 43 96.7
1775846400 46.6 3.7
1775846700 30.4 63.3
1775847000 57.1 29.2
1775847300 79.4 61.7
1775847600 27.5 25.5
1775847900 63.8 40
1775848200 70.7 14.7
1775848500 57.3 77.7
1775848800 15.7 15.9
1775849100 89.3 99.2
1775849400 85 45.7
1775849700 97.8 90.2
1775850000 96 34.7
1775850300 43.1 74.4
1775850600 2.6 86.1
1775850900 71.1 49.2
1775851200 89.8 36.8
1775851500 47.7 82.1
1775851800 66 27.1
1775852100 79 28.7
1775852400 87.9 78
1775852700 68.7 58.6
1775853000 27.9 61.3
1775853300 36.3 43.6
1775853600 12.4 60.9
1775853900 42.8 97.4
1775854200 6.6 75.9
1775854500 22.9 2.7
1775854800 45.8 66
1775855100 77.1 48.4
1775855400 87.3 83.5
1775855700 32.9 12.4
1775856000 20.3 15.8
1775856300 94.5 21.5
1775856600 78.2 8.8
1775856900 50.3 66.1
1775857200 86.8 54.2
1775857500 24.7 50
1775857800 15.5 96.2
1775858100 93.6 63.1
1775858400 57.1 71.7
1775858700 95.8 63.8
1775859000 47.6 18.7
1775859300 1.7 93.4
1775859600 19.9 14
1775859900 77 7.2
1775860200 32.7 45.1
1775860500 19.6 88.2
1775860800 61 49.4
1775861100 9.8 39.2
1775861400 58.2 95.3
1775861700 5.3 80.2
1775862000 84.7 65.2
1775862300 65.4 35.5
1775862600 61.4 59.1
1775862900 98.6 53.8
1775863200 66 94.4
1775863500 52.8 48.8
1775863800 48.3 54.5
1775864100 42.2 3.4
1775864400 3.7 54.4
1775864700 10.7 36.5
1775865000 99.6 65.5
1775865300 24.7 60.6
1775865600 14.9 69.7
1775865900 35 8.3
1775866200 0.2 40.3
1775866500 23.8 85
1775866800 5.5 89.2
1775867100 20.5 2.1
1775867400 83.5 19.1
1775867700 91.1 49.5
1775868000 48.8 43.9
1775868300 98.3 32.3
1775868600 33.6 75.7
1775868900 35.8 72.6
1775869200 30.2 46.5
1775869500 9.1 65
1775869800 12 69
1775870100 60.8 62.2
1775870400 38.8 95.8
1775870700 5.7 39
1775871000 36.1 29.5
1775871300 24 76.8
1775871600 54 79.7
1775871900 14.1 37.5
1775872200 34.1 5.3
1775872500 22.3 82.9
1775872800 84.4 55.8
1775873100 15.2 53.3
1775873400 31.6 51
1775873700 25.9 97
1775874000 32.7 35
1775874300 97.2 80
1775874600 4 58
1775874900 77.4 78
1775875200 53.8 83.1
1775875500 17.1 89.9
1775875800 47.9 76.3
1775876100 1.9 1.9
1775876400 56.1 51.2
1775876700 74.6 25.4
1775877000 91.7 96.9
1775877300 8.3 76.2
1775877600 52.8 58.7
1775877900 29.5 19.6
1775878200 45 55.4
1775878500 16.6 12.9
1775878800 25.6 13.8
1775879100 92.9 29.6
1775879400 71.8 5.5
1775879700 42.9 60.8
1775880000 88.7 60
1775880300 50.7 71.8
1775880600 71.5 87.8
1775880900 73.7 62.8
1775881200 39 83.5
1775881500 88.2 30.8
1775881800 80.5 31.7
1775882100 42.2 68.5
1775882400 25.7 6.9
1775882700 88.1 70.7
1775883000 62.3 39.9
1775883300 83.6 87.9
1775883600 88.9 11.8
1775883900 52.7 60.7
1775884200 17.3 95.6
1775884500 21.5 41.2
1775884800 90.8 7.4
1775885100 13 97.6
1775885400 30.4 21.9
1775885700 95.6 4.6
1775886000 5.5 83.9
1775886300 70.6 21.2
1775886600 50.8 12.8
1775886900 89.7 76.5
1775887200 19.7 13
1775887500 47.2 17.2
1775887800 52.9 66.1
1775888100 40.3 41.8
1775888400 13.1 28.3
1775888700 37.7 65.6
1775889000 59.1 94.4
1775889300 6.9 85.2
1775889600 37 55.1
1775889900 82.8 2.6
1775890200 12.3 78.4
1775890500 7.2 53
1775890800 97.5 77.9
1775891100 9.4 48.4
1775891400 25.9 99.1
1775891700 24.9 80.9
1775892000 47.3 7.4
1775892300 98.1 0.2
1775892600 73.5 73.7
1775892900 77.2 86.6
1775893200 2 50.1
1775893500 87.4 61.1
1775893800 44.5 94.3
1775894100 81.5 16.7
1775894400 84.7 64.3
1775894700 19.3 32.2
1775895000 78 61.7
1775895300 20.4 10.7
1775895600 39.6 29.8
1775895900 59.1 0.8
1775896200 28.9 19.3
1775896500 81.7 76.2
1775896800 26.7 15
1775897100 11.6 35.4
1775897400 88.7 24
1775897700 57.2 25.9
1775898000 74.1 44.6
1775898300 22.3 53.8
1775898600 74.2 3.8
1775898900 70.5 58.9
1775899200 68.2 25
1775899500 26.3 81.4
1775899800 86.7 46.7
1775900100 92.1 61.6
1775900400 76.5 86.5
1775900700 62.4 40.6
1775901000 5.8 44.1
1775901300 52 32.5
1775901600 59.1 98.8
1775901900 67.9 83.1
1775902200 22.8 25.1
1775902500 9 96.9
1775902800 69.7 31.3
1775903100 85.9 79.1
1775903400 35.2 91.6
1775903700 73.2 38.6
1775904000 16.6 99.5
1775904300 20 38.5
1775904600 81.4 47.3
1775904900 0.1 57.9
1775905200 33.8 97.7
1775905500 33.7 39.6
1775905800 41.8 85.7
1775906100 7.3 36.2
1775906400 84.5 10.4
1775906700 19.3 42.5
1775907000 70.7 63.5
1775907300 74.6 40.5
1775907600 94.9 60.5
1775907900 54.8 65.3
1775908200 87.3 28.1
1775908500 3.9 3.9
1775908800 27.6 59.1
1775909100 77.7 9.1
1775909400 6.4 13
1775909700 2.2 75.5
1775910000 10.8 36
1775910300 15.1 52.6
1775910600 56.9 57.7
1775910900 24 41.5
1775911200 68.1 43.3
1775911500 19.2 38.9
1775911800 6.9 93.9
1775912100 14.6 37
1775912400 89.6 69.4
1775912700 2.3 77
1775913000 97.5 41.4
1775913300 16.1 60.4
1775913600 0.5 93.8
1775913900 69.5 42.1
1775914200 6.9 6.9
1775914500 17.6 17.7
1775914800 42.9 68
1775915100 5.5 99.9
1775915400 25.7 29.6
1775915700 76.6 93.8
1775916000 8.1 95.8
1775916300 67.9 50.2
1775916600 24.9 82.5
1775916900 22.4 14.6
1775917200 87.2 24.7
1775917500 91.6 84.7
1775917800 66.1 7.7
1775918100 45.1 1.8
1775918400 1.6 49.8
1775918700 44 43.7
1775919000 56.8 61.6
1775919300 96.6 34.9
1775919600 29.6 2.1
1775919900 34.8 90.5
1775920200 66.9 46.6
1775920500 19.6 75.1
1775920800 77.7 87.5
1775921100 60.5 2.6
1775921400 5.3 83
1775921700 17.2 92.5
1775922000 42.9 8.8
1775922300 77.2 44.3
1775922600 51.8 57.6
1775922900 46.1 88.6
1775923200 42.6 90.1
1775923500 32.3 99.4
1775923800 87 28.9
1775924100 69.6 51.8
1775924400 66.2 39.6
1775924700 42.4 33.2
1775925000 86.3 62
1775925300 43.5 64
1775925600 84.7 39.2
1775925900 1.8 90
1775926200 22.2 54.3
1775926500 82.5 0.4
1775926800 98.3 95
1775927100 44.7 50.1
1775927400 87.8 90.8
1775927700 38.7 30.4
1775928000 16.2 6.2
1775928300 65.1 3.2
1775928600 35.1 34.7
1775928900 90.2 36.6
1775929200 74.3 32.6
1775929500 5 95.8
1775929800 29.8 83.7
1775930100 95 49.8
1775930400 22.9 96.9
1775930700 39.8 80.4
1775931000 51.2 57.6
1775931300 80.8 84.7
1775931600 87.8 25.5
1775931900 34.9 10.8
1775932200 16.3 73.6
1775932500 76.4 67.7
1775932800 15.1 41.5
1775933100 70.9 85.4
1775933400 11.4 61.2
1775933700 22 21
1775934000 29 27
1775934300 16.8 94.1
1775934600 10.7 47.1
1775934900 43.9 68.9
1775935200 44 18.9
1775935500 49.3 30.4
1775935800 11.7 65.3
1775936100 15.1 34.7
1775936400 90.8 85.2
1775936700 45.5 42.3
1775937000 94.1 57.2
1775937300 10.1 9.2
1775937600 33.9 16.2
1775937900 94.6 45.4
1775938200 12.6 51.9
1775938500 1.6 76.9
1775938800 78.9 18.4
1775939100 71 24.9
1775939400 65.5 50.1
1775939700 29 44.7
1775940000 4.2 78.3
1775940300 10.3 51.2
1775940600 78.8 60.7
1775940900 21.1 69.6
1775941200 81.1 1.9
1775941500 47.1 75.2
1775941800 59.1 92.4
1775942100 19.6 93
1775942400 8.7 14.3
1775942700 73.6 56.5
1775943000 66.2 75.2
1775943300 33.4 80.3
1775943600 28.9 39.6
1775943900 40.4 29.6
1775944200 89.7 69.4
1775944500 9.6 29.2
1775944800 82.9 19.9
1775945100 15.6 61.7
1775945400 15.8 36.7
1775945700 66.5 32.2
1775946000 38.6 13.7
1775946300 7.4 97.7
1775946600 6.1 27.1
1775946900 90.8 50
1775947200 76.6 99.6
1775947500 6.6 78
1775947800 74.9 40
1775948100 93.5 3.8
1775948400 79.7 34
1775948700 33.4 4.6
1775949000 38.6 43
1775949300 69 21.6
1775949600 98.2 84.6
1775949900 18.5 49.2
1775950200 21.4 85.1
1775950500 81.4 95.2
1775950800 34 24.1
1775951100 93 75.3
1775951400 86.4 19
1775951700 25.4 63
1775952000 18.6 67.2
1775952300 76.2 28.7
1775952600 7.2 69.7
1775952900 32.5 22.1
1775953200 38.9 66
1775953500 62 77.6
1775953800 44.2 31
1775954100 99.2 42.4
1775954400 50.9 52.9
1775954700 26.9 7.5
1775955000 38 8.3
1775955300 2.7 72
1775955600 32.4 30.9
1775955900 47.4 18.8
1775956200 49.9 8
1775956500 17 3.8
1775956800 75.2 93.2
1775957100 32.5 17.6
1775957400 98.2 65.1
1775957700 39.8 37.1
1775958000 66.3 37
1775958300 14.7 45.7
1775958600 3.2 49.1
1775958900 23.4 54.1
1775959200 2.1 50.3
1775959500 61.6 75.3
1775959800 93.8 99.6
1775960100 82.6 26.3
1775960400 30.5 65.2
1775960700 80.3 15.7
1775961000 73.2 32.6
1775961300 19.5 83.6
1775961600 25.8 52
1775961900 1.2 59.2
1775962200 52.3 76.2
1775962500 96.4 53.8
1775962800 13.2 46.3
1775963100 34.8 16.5
1775963400 30.7 58.2
1775963700 5.8 32.8
1775964000 43.7 2.7
1775964300 43.3 37.5
1775964600 2.3 25.9
1775964900 99 32.8
1775965200 91.1 14.6
1775965500 48.5 99.5
1775965800 47.2 3.2
1775966100 83.1 8.2
1775966400 90.5 19.6
1775966700 67.5 42.8
1775967000 95.8 63.9
1775967300 31.9 44.3
1775967600 45.4 66.7
1775967900 96 76.1
1775968200 60.1 37
1775968500 44.1 3.8
1775968800 39.7 87.5
1775969100 41.3 42
1775969400 48.6 75.6
1775969700 10.1 39.8
1775970000 90.2 93.8
1775970300 74.5 37.4
1775970600 32.3 92.9
1775970900 45.6 22.8
1775971200 12.5 13.1
1775971500 0.8 43.5
1775971800 12.2 67.9
1775972100 23 57.7
1775972400 34.6 19
1775972700 69 94.7
1775973000 91.3 13.2
1775973300 33.7 31
1775973600 0.7 75.1
1775973900 8.3 49.3
1775974200 50.7 53.6
1775974500 24.3 40.9
1775974800 82.6 98.9
1775975100 13.5 14.9
1775975400 91.8 59.1
1775975700 37.7 39.5
1775976000 72.3 73.8
1775976300 83 19.7
1775976600 41.7 41.3
1775976900 77.4 11.6
1775977200 95.5 46.5
1775977500 41.5 86.8
1775977800 94.9 75.3
1775978100 17.9 95.6
1775978400 85.6 61.4
1775978700 80.1 71.5
1775979000 15 39.7
1775979300 47.6 97.6
1775979600 73.8 61.1
1775979900 12.6 0.8
1775980200 20.2 85.5
1775980500 40.3 27.7
1775980800 59.3 58.5
1775981100 47.5 1.1
1775981400 99.8 60.1
1775981700 12.7 30.6
1775982000 41.8 54.2
1775982300 17.4 36.7
1775982600 64.7 35.3
1775982900 32.3 50.3
1775983200 96.7 47.7
1775983500 21.8 46.9
1775983800 22.6 69.4
1775984100 44.6 96.4
1775984400 30.5 92.4
1775984700 97.2 86
1775985000 77.9 72.7
1775985300 13.7 72.5
1775985600 66.4 96.4
1775985900 73.6 1.5
1775986200 56.6 21.5
1775986500 32.1 98.4
1775986800 10.9 49.5
1775987100 35.2 75.7
1775987400 20.1 2.7
1775987700 26 52
1775988000 85.6 83.1
1775988300 99 8.2
1775988600 52.5 78.8
1775988900 4.6 18.3
1775989200 71.2 37
1775989500 4.3 49.1
1775989800 44.9 53.2
1775990100 21.6 46.6
1775990400 49.7 30.4
1775990700 48.1 6.3
1775991000 87.1 15.4
1775991300 39.9 98.1
1775991600 0.1 75.1
1775991900 9 20.2
1775992200 13.1 70.2
1775992500 7.5 98.7
1775992800 53.3 6.5
1775993100 7 41.1
1775993400 20.5 46.8
1775993700 94.6 91.7
1775994000 19.1 98.9
1775994300 76 99.2
1775994600 87.3 32.9
1775994900 45.8 37
1775995200 63.3 29.1
1775995500 78.5 85.7
1775995800 79.7 53.7
1775996100 19 79.9
1775996400 28.8 28
1775996700 35.3 77.1
1775997000 33.4 42.8
1775997300 75.9 22
1775997600 84.5 18.1
1775997900 98.3 5
1775998200 0.1 92.9
1775998500 31.9 19.2
1775998800 27 8
1775999100 53.7 14.3
1775999400 40.9 34.7
1775999700 86.6 39.4
1776000000 63.9 0.3
1776000300 60.3 78.8
1776000600 54 79.3
1776000900 58.7 18.1
1776001200 42.5 94.1
1776001500 95.2 11.2
1776001800 72.1 6.3
1776002100 33.2 56.7
1776002400 24.4 31.5
1776002700 96.9 24.6
1776003000 24.4 28.9
1776003300 79 51.4
1776003600 72.1 32.7
1776003900 0.9 13
1776004200 67.5 87.5
1776004500 87.6 66.6
1776004800 23.1 48
1776005100 45.4 77.1
1776005400 62.5 4.2
1776005700 30.4 40.3
1776006000 33.5 25.7
1776006300 51.5 5.6
1776006600 67.2 84.7
1776006900 97.5 91.7
1776007200 51.4 94.5
1776007500 16.3 75.8
1776007800 58.6 95.3
1776008100 62.4 30.7
1776008400 28.1 63.3
1776008700 78.9 30.8
1776009000 86.1 1.7
1776009300 97.4 9.2
1776009600 84.9 42.8
1776009900 21.5 47.5
1776010200 82.2 87.2
1776010500 23 15.7
1776010800 48.1 74.5
1776011100 56.6 15.3
1776011400 59.2 54.1
1776011700 7 45.8
1776012000 83.8 58.5
1776012300 21.6 42.4
1776012600 53.9 19.2
1776012900 8.3 17.2
1776013200 17.7 87.2
1776013500 83.2 3.8
1776013800 24.2 80.6
1776014100 48.2 9.1
1776014400 58.6 5
1776014700 91.8 40.9
1776015000 92.2 14.8
1776015300 91.8 75.5
1776015600 24.5 48.4
1776015900 90.8 18.9
1776016200 37.8 97.9
1776016500 64.7 21.6
1776016800 56.4 21.5
1776017100 99.3 45.5
1776017400 40.7 7.6
1776017700 97.9 58.5
1776018000 30.1 81.1
1776018300 97.5 89.5
1776018600 96.9 81
1776018900 98.6 55.6
1776019200 21.2 25.7
1776019500 31.7 48.6
1776019800 75.7 23.5
1776020100 24.1 0.3
1776020400 7.2 14.9
1776020700 19.2 45
1776021000 48 84
1776021300 1.8 39.7
1776021600 5.5 1.1
1776021900 20.4 81.5
1776022200 44 18.4
1776022500 40 9.3
1776022800 34.7 72.7
1776023100 98.8 31.7
1776023400 53.7 97.4
1776023700 87.3 10.1
1776024000 58.3 19
1776024300 58.7 34.1
1776024600 77.7 82.8
1776024900 69.6 20.1
1776025200 33 88.8
1776025500 0.3 81
1776025800 8 2.2
1776026100 55.9 13.6
1776026400 38.5 76.4
1776026700 30.3 17.7
1776027000 30 5.5
1776027300 27 64.7
1776027600 78.2 25.8
1776027900 96.4 67.2
1776028200 58.5 83.7
1776028500 77.3 16.8
1776028800 37.9 36.1
1776029100 86.1 50.9
1776029400 18.9 55.7
1776029700 71 51.9
1776030000 44.6 6.6
1776030300 68.2 87.8
1776030600 8.8 24.1
1776030900 36.6 82.5
1776031200 35.7 66.9
1776031500 0.3 65.7
1776031800 72.4 62.5
1776032100 30.5 50.7
1776032400 88.4 26.9
1776032700 53.1 46.9
1776033000 45.9 30.4
1776033300 98.9 19
1776033600 66.5 85.1
1776033900 5.1 20.7
1776034200 40.8 76.2
1776034500 7.8 20.6
1776034800 82.8 76
1776035100 8.5 26.8
1776035400 35.4 45.1
1776035700 44.5 71.1
1776036000 12.1 80
1776036300 36.9 84.5
1776036600 42.6 2.6
1776036900 70.4 66.2
1776037200 29.5 23.5
1776037500 13.1 10.6
1776037800 54 12
1776038100 64.9 55.7
1776038400 32.3 70
1776038700 11.6 73.2
1776039000 81.4 19.5
1776039300 29 64.2
1776039600 30.7 37.5
1776039900 26.2 1.3
1776040200 17.9 6
1776040500 7.7 30
1776040800 86 44.6
1776041100 49.7 63.8
1776041400 82.4 55.4
1776041700 30 47.1
1776042000 78.9 43.1
1776042300 57.8 68.1
1776042600 90.4 57.9
1776042900 59.1 22.7
1776043200 27.9 70.7
1776043500 31.1 9.4
1776043800 25.4 60.2
1776044100 8.8 91.4
1776044400 32.9 70.3
1776044700 27.9 50.8
1776045000 76.3 35.6
1776045300 16 97.5
1776045600 15.4 1
1776045900 61.4 97.8
1776046200 56.4 91.4
1776046500 45 35.3
1776046800 69.8 38
1776047100 38.7 95.4
1776047400 95.9 97.8
1776047700 53.3 23.8
1776048000 3.7 84.5
1776048300 68.4 64.4
1776048600 79.9 77.3
1776048900 55.8 12.8
1776049200 82.8 83.7
1776049500 98.9 59.1
1776049800 54.6 14.9
1776050100 91.8 70
1776050400 15.9 53.2
1776050700 67.9 72.3
1776051000 79.9 12.9
1776051300 42.9 49.7
1776051600 50.9 81.6
1776051900 80.3 82
1776052200 14.6 33.6
1776052500 5.8 18.3
1776052800 53.3 9.5
1776053100 82.7 33.2
1776053400 22 73.7
1776053700 81.3 4.8
1776054000 92.7 80.2
1776054300 99.1 47.3
1776054600 30.3 90.9
1776054900 52.5 46.3
1776055200 44.2 20.4
1776055500 53.8 59.3
1776055800 68.5 31.9
1776056100 44.2 54.6
1776056400 48.7 24.5
1776056700 36.6 63.3
1776057000 58.1 77.7
1776057300 16.9 11.5
1776057600 87.2 34.8
1776057900 79.9 9.2
1776058200 43.8 61.2
1776058500 14 36.5
1776058800 41.4 13.1
1776059100 19 7
1776059400 39.2 71.5
1776059700 53.3 18.6
1776060000 27.2 42.3
1776060300 77.9 95.7
1776060600 9.5 22.1
1776060900 50.4 58.2
1776061200 81.8 22.2
1776061500 56.8 75.2
1776061800 99.9 8.9
1776062100 21.9 87.1
1776062400 78.9 1.8
1776062700 31.5 22.7
1776063000 98.3 45.5
1776063300 94.4 74.9
1776063600 93.8 13.4
1776063900 81.9 68.3
1776064200 20.2 70.4
1776064500 86.9 47.4
1776064800 12.8 64.9
1776065100 78.3 22.3
1776065400 22.2 63.9
1776065700 15.7 39.3
1776066000 86.2 72.5
1776066300 14.5 21.3
1776066600 16.6 36.4
1776066900 43.7 95.6
1776067200 73.4 75.2
1776067500 18.3 71.7
1776067800 56 48
1776068100 46.7 85
1776068400 96.6 28.6
1776068700 53.3 16.8
1776069000 99.1 40.3
1776069300 99.4 47.1
1776069600 40.4 77.8
1776069900 4.6 97.8
1776070200 41.7 55.5
1776070500 37.1 27.9
1776070800 63.3 86.8
1776071100 49.3 79.9
1776071400 58.4 28.2
1776071700 75.5 31.9
1776072000 3.4 29.1
1776072300 38.8 59.4
1776072600 77.1 20.7
1776072900 79.7 8.9
1776073200 49.4 33
1776073500 25.8 83.7
1776073800 8.5 60.4
1776074100 66 48.9
1776074400 38.2 5.8
1776074700 82 80
1776075000 61.3 19.1
1776075300 43.1 24.6
1776075600 41.2 27.6
1776075900 4.6 99.6
1776076200 55.8 15.3
1776076500 66.7 94.5
1776076800 44.4 5.6
1776077100 89.1 56.7
1776077400 26.3 68.8
1776077700 0.9 10.9
1776078000 1.9 61.9
1776078300 29.8 45.6
1776078600 22.3 95.8
1776078900 29.8 60.6
1776079200 1.6 11.8
1776079500 75.8 98.2
1776079800 66.1 54.1
1776080100 22.8 7.3
1776080400 81.8 62.6
1776080700 7 72.8
1776081000 78 73.7
1776081300 67.3 57.6
1776081600 14.5 56.5
1776081900 49.6 40.9
1776082200 25.3 50.5
1776082500 87 62.4
1776082800 12.4 16.9
1776083100 43.3 34.7
1776083400 12.7 73.1
1776083700 30.5 49.6
1776084000 84.9 6.3
1776084300 47.8 51
1776084600 95.7 5.8
1776084900 93.6 77.5
1776085200 68.5 35.8
1776085500 50.3 46.5
1776085800 44.7 52.9
1776086100 4.1 59.3
1776086400 9.4 53.7
1776086700 35.4 69.9
1776087000 39.4 22.4
1776087300 67.6 51.8
1776087600 74.5 10.9
1776087900 21.8 22.5
1776088200 19.2 52.3
1776088500 72.1 4.1
1776088800 93.9 55.1
1776089100 90.3 89.6
1776089400 60.9 19.1
1776089700 2.3 29.4
1776090000 54.9 87.8
1776090300 11.1 99.7
1776090600 75.9 15.3
1776090900 59 85.3
1776091200 4.2 29.6
1776091500 90.5 78.9
1776091800 87.2 93.3
1776092100 30.7 61.8
1776092400 39.4 87.7
1776092700 84.3 58.6
1776093000 75.3 91.6
1776093300 97.9 69.2
1776093600 46.7 88.2
1776093900 94 42.8
1776094200 7.4 31.5
1776094500 72.3 97.5
1776094800 54.5 83.4
1776095100 97.2 30.5
1776095400 33.9 91.4
1776095700 51 73.4
1776096000 21 41.5
1776096300 52.3 43.5
1776096600 70 18.2
1776096900 5.3 9.4
1776097200 6 89.6
1776097500 3.2 81.3
1776097800 81.2 1.1
1776098100 85.7 63.1
1776098400 89.4 14.9
1776098700 5.9 32
1776099000 81.6 13.4
1776099300 29.5 36.1
1776099600 32.1 62
1776099900 66.6 1.2
1776100200 88.6 17.7
1776100500 74.6 44.9
1776100800 94.4 62.1
1776101100 88.4 64.5
1776101400 15.6 93.7
1776101700 9.1 21.6
1776102000 18.5 12.4
1776102300 38.1 34.9
1776102600 48.7 59
1776102900 98 38.1
1776103200 9.1 39.1
1776103500 5.3 90.7
1776103800 52.6 70.1
1776104100 26.8 84.7
1776104400 67.3 28.7
1776104700 21.1 55.9
1776105000 46.4 31
1776105300 0.8 76
1776105600 93.1 24.4
1776105900 75.7 8.7
1776106200 53.3 84.9
1776106500 65.5 71.8
1776106800 32.5 38.8
1776107100 6.7 81.2
1776107400 97.8 39.9
1776107700 54.6 6.9
1776108000 79.1 95.1
1776108300 32.8 66.9
1776108600 0.4 59.7
1776108900 86.8 67.7
1776109200 88.4 7.9
1776109500 58.9 70
1776109800 38.9 94.9
1776110100 46 67.3
1776110400 19.4 21.8
1776110700 11.2 72.7
1776111000 41.9 12
1776111300 44.6 9.6
1776111600 50.8 86.5
1776111900 26 83.9
1776112200 61.7 80.6
1776112500 26 40.8
1776112800 11 58.9
1776113100 42.9 11.4
1776113400 53.8 29.7
1776113700 79.2 77.4
1776114000 72.8 38.1
1776114300 47.4 11.8
1776114600 33 28.6
1776114900 14.3 87.6
1776115200 85.6 25.5
1776115500 60.4 62.7
1776115800 72.7 40.2
1776116100 7.5 23.6
1776116400 61.9 33.6
1776116700 42.7 23.6
1776117000 49.4 68.7
1776117300 64.4 60.4
1776117600 27.6 7.3
1776117900 71.9 16.6
1776118200 72.2 86.3
1776118500 94 45.1
1776118800 59.6 76.6
1776119100 92.1 27.8
1776119400 40.5 6.4
1776119700 15.5 26.1
1776120000 67.1 11.1
1776120300 24.1 39.9
1776120600 51.3 31.6
1776120900 98.7 13.2
1776121200 0.4 41.4
1776121500 72.1 49.9
1776121800 10.1 36.5
1776122100 45.5 73
1776122400 79.1 52.6
1776122700 89.6 86.5
1776123000 38.9 83.7
1776123300 31.6 33.7
1776123600 60.3 58.9
1776123900 61.6 0.8
1776124200 0.5 12.3
1776124500 62.2 67.7
1776124800 58.6 21.5
1776125100 42.8 45.1
1776125400 88.3 41.5
1776125700 58.3 88.8
1776126000 82.9 65.6
1776126300 73.9 28.2
1776126600 2.2 19.4
1776126900 1.2 16.5
1776127200 72.1 90.9
1776127500 38.2 46.2
1776127800 74.6 5.1
1776128100 80 70.1
1776128400 64 76.8
1776128700 6.2 64.6
1776129000 24.3 3.6
1776129300 67.5 82.9
1776129600 60.3 10.3
1776129900 28 48.6
1776130200 51.8 21.5
1776130500 72.6 69.9
1776130800 87.2 46.5
1776131100 98.1 24.6
1776131400 66 99.4
1776131700 76.3 38.1
1776132000 25.5 14.5
1776132300 84.3 35.3
1776132600 19.6 99.5
1776132900 5.4 18.9
1776133200 76.3 46.8
1776133500 83.5 35.8
1776133800 85.6 51
1776134100 18.7 45.9
1776134400 96.5 46.7
1776134700 94.6 48.3
1776135000 68.3 67.2
1776135300 53.4 90.7
1776135600 13.8 51.5
1776135900 15.3 15
1776136200 50.9 91.6
1776136500 88.3 76.4
1776136800 6.1 7.8
1776137100 46.9 61
1776137400 7.4 52.4
1776137700 79.9 18.9
1776138000 34.4 63.4
1776138300 54.8 20.1
1776138600 49.6 73.5
1776138900 66 46.1
1776139200 55.5 95.8
1776139500 29.6 59
1776139800 63.1 83
1776140100 49.7 12.1
1776140400 69.7 65
1776140700 62.3 55.9
1776141000 91.8 50.6
1776141300 67.5 33.1
1776141600 58.4 14.5
1776141900 94.1 1
1776142200 66.9 74
1776142500 20 36.5
1776142800 72.6 10
1776143100 56.6 57.4
1776143400 83.5 22.7
1776143700 38.7 74.2
1776144000 53.7 68.3
1776144300 33.2 16.8
1776144600 86.5 82.9
1776144900 64.1 56.3
1776145200 83.1 26.4
1776145500 12.2 74.9
1776145800 77 14.9
1776146100 8.1 70.7
1776146400 29.4 2.2
1776146700 71.7 31.5
1776147000 11.5 91.7
1776147300 68.1 19.3
1776147600 1.7 24.7
1776147900 76.8 20.5
1776148200 82.6 15.5
1776148500 94.7 36.4
1776148800 19.1 63.2
1776149100 88.4 5.6
1776149400 46.1 87.8
1776149700 97.1 64.5
1776150000 14.2 44.5
1776150300 39.4 26.5
1776150600 59.5 82.7
1776150900 97.2 88.9
1776151200 20.2 68.9
1776151500 20.5 31.7
1776151800 95.9 88.6
1776152100 51 32.8
1776152400 48.5 63
1776152700 88.5 66.4
1776153000 78.6 18.5
1776153300 38 97.7
1776153600 81.7 26.4
1776153900 38.5 63
1776154200 14.2 70.9
1776154500 27.5 63.7
1776154800 15.4 2.2
1776155100 90.2 10.1
1776155400 84.9 22.6
1776155700 99.1 5.1
1776156000 26.7 54.8
1776156300 72 22.6
1776156600 78.6 58.3
1776156900 90.7 27.1
1776157200 21.3 79.2
1776157500 28.7 35.1
1776157800 32.9 66.7
1776158100 68 14.6
1776158400 93.2 6.6
1776158700 77.7 42.6
1776159000 12.7 40.4
1776159300 6.3 28.1
1776159600 42.6 31.7
1776159900 73.5 62.8
1776160200 54.3 7.8
1776160500 3.1 81.1
1776160800 62.6 10.4
1776161100 38.9 41.2
1776161400 68.7 29.6
1776161700 3.5 25.2
1776162000 44.1 67.5
1776162300 60.4 77
1776162600 34.2 28.4
1776162900 91.7 27.4
1776163200 70.2 4.6
1776163500 5.3 82.9
1776163800 45 11.6
1776164100 46.3 22.9
1776164400 78.6 19.8
1776164700 85.7 32.9
1776165000 27.6 88.8
1776165300 14 25.4
1776165600 99.2 53
1776165900 1.8 3.1
1776166200 17.8 40.5
1776166500 28.4 61.9
1776166800 8 24
1776167100 74.2 42.3
1776167400 87.6 65.9
1776167700 4.9 93.1
1776168000 5.7 10.2
1776168300 76 85.9
1776168600 57.1 57.5
1776168900 8.8 35.7
1776169200 77.3 94.5
1776169500 3.8 40.1
1776169800 18.6 53.1
1776170100 65.5 53
1776170400 41.3 67.3
1776170700 56.2 59.1
1776171000 7.9 19.8
1776171300 56.3 15.9
1776171600 79 30.5
1776171900 58.2 66.6
1776172200 31.6 98.4
1776172500 59.7 37.3
1776172800 8.6 71
1776173100 58.4 0.9
1776173400 28.5 67.3
1776173700 71.8 41.1
1776174000 97 75.7
1776174300 81.2 50.8
1776174600 28.8 46.8
1776174900 3.9 70.1
1776175200 49.3 95.3
1776175500 64.4 92.4
1776175800 15.1 55.9
1776176100 8.4 29.3
1776176400 86.4 1.8
1776176700 95.9 53.2
1776177000 0.2 90.9
1776177300 25.7 44.1
1776177600 61.9 84.2
1776177900 80.2 25.6
1776178200 51.5 52.1
1776178500 66.7 83.7
1776178800 63 83.2
1776179100 34.6 91.8
1776179400 65.2 38.5
1776179700 97.1 14.5
1776180000 69 96.7
1776180300 7 84.1
1776180600 52.7 50.6
1776180900 48.6 74.3
1776181200 87.6 44.5
1776181500 27.6 87.9
1776181800 70.6 88.5
1776182100 67.2 67.7
1776182400 72.7 47.4
1776182700 28.6 59.4
1776183000 34.7 95.3
1776183300 43.2 97.7
1776183600 13.7 13
1776183900 24.7 78.9
1776184200 51.5 57
1776184500 28.7 20.5
1776184800 53.8 70.9
1776185100 39.8 41.7
1776185400 21.5 88.4
1776185700 51.2 9.1
1776186000 68.1 14
1776186300 32.2 74
1776186600 2.6 34.6
1776186900 41.7 10.5
1776187200 82.1 5.5
1776187500 70 16.8
1776187800 0.9 48.4
1776188100 49.8 49.8
1776188400 61.4 74.5
1776188700 28.8 48.1
1776189000 31.6 92.7
1776189300 3.8 20.6
1776189600 63.6 78.8
1776189900 97.5 20.3
1776190200 2.4 48.7
1776190500 64.6 5.7
1776190800 62.8 96.9
1776191100 79.7 65.4
1776191400 66.7 56.7
1776191700 11.1 48.8
1776192000 62.2 81.1
1776192300 0.9 98.3
1776192600 64.7 50.7
1776192900 48.2 61.3
1776193200 60.4 12.2
1776193500 9.4 92
1776193800 40.1 48.4
1776194100 47.8 3.7
1776194400 27.2 45.3
1776194700 59.2 29.6
1776195000 94.1 23.8
1776195300 35.4 92.1
1776195600 55.9 15.1
1776195900 92.7 22.7
1776196200 7 3.8
1776196500 6.7 69.3
1776196800 20.2 42.8
1776197100 2.8 84.9
1776197400 93.5 51
1776197700 81.5 89.2
1776198000 98.4 90.9
1776198300 16.4 38.5
1776198600 74.6 64.3
1776198900 77.4 1.8
1776199200 44.8 36.6
1776199500 31.5 74.1
1776199800 95.7 2.1
1776200100 66.2 86.8
1776200400 52.4 94.1
1776200700 9.5 59.5
1776201000 98 51.5
1776201300 64 18.2
1776201600 94.3 66.8
1776201900 38.3 23.1
1776202200 53.1 19.8
1776202500 12.3 86.7
1776202800 46 63.9
1776203100 25.3 20.6
1776203400 28.2 2.7
1776203700 22.4 73.1
1776204000 74.6 89.1
1776204300 82.4 70.3
1776204600 26.4 48.7
1776204900 92.3 78.9
1776205200 42.8 37.1
1776205500 73.6 76
1776205800 88.6 37.6
1776206100 94.2 18.1
1776206400 39.6 67.8
1776206700 76.4 27.9
1776207000 87.6 23.9
1776207300 14.7 33.6
1776207600 87.9 75.2
1776207900 89.4 16.1
1776208200 13.1 11.9
1776208500 24.4 87.7
1776208800 36.2 6.9
1776209100 93.2 62.7
1776209400 90.8 85.6
1776209700 76.8 68.8
1776210000 22.7 50.4
1776210300 44.9 46.5
1776210600 23.2 74.3
1776210900 64.6 98
1776211200 77.3 41.1
1776211500 26 65
1776211800 65 75.9
1776212100 33.8 52.9
1776212400 51.1 23.3
1776212700 4.3 99.4
1776213000 70.4 63.9
1776213300 22.4 41.8
1776213600 6 15.6
1776213900 39.7 96.8
1776214200 36.4 16.5
1776214500 0.9 94.3
1776214800 66.9 45.8
1776215100 76 90.1
1776215400 55.3 75.9
1776215700 23.4 32.7
1776216000 52.2 84.6
1776216300 32.9 52.4
1776216600 60.5 1.9
1776216900 5.4 46.8
1776217200 60.4 44.9
1776217500 46.2 66
1776217800 44 68.6
1776218100 7.9 50.1
1776218400 19.5 47.6
1776218700 46.9 91.1
1776219000 64.2 83
1776219300 20.7 66.3
1776219600 64 96.7
1776219900 91.7 19.4
1776220200 7.8 15.1
1776220500 87.3 60
1776220800 99.7 20.2
1776221100 12.5 60.2
1776221400 57.3 53.1
1776221700 42.2 17.8
1776222000 98 23.6
1776222300 83.8 42
1776222600 92.3 91.7
1776222900 92.1 47
1776223200 74.6 74.3
1776223500 73.3 74
1776223800 92.5 94
1776224100 40.3 56.6
1776224400 26 32
1776224700 11.2 33.8
1776225000 82.3 98.5
1776225300 93.9 82
1776225600 53.9 41.6
1776225900 77.4 11.2
1776226200 94.7 19.6
1776226500 29 92.7
1776226800 78.5 48.1
1776227100 69.9 6
1776227400 75 97.3
1776227700 53 49.6
1776228000 6.8 61.5
1776228300 23.6 99.3
1776228600 55.6 99.2
1776228900 91.1 16.8
1776229200 66.4 2.3
1776229500 85.8 48.8
1776229800 0.8 14.9
1776230100 30.8 89.9
1776230400 56.5 43.5
1776230700 36.4 51.2
1776231000 98.3 65.4
1776231300 79.1 76.8
1776231600 48.7 84.3
1776231900 82.8 23.8
1776232200 81.6 71
1776232500 73.4 23.6
1776232800 32.6 32.3
1776233100 58.1 23.4
1776233400 31.5 49.3
1776233700 40.2 97.9
1776234000 51.6 26
1776234300 46.7 87.7
1776234600 76.2 12.8
1776234900 77.6 32.7
1776235200 56.3 14
1776235500 84 89.8
1776235800 14.7 63.1
1776236100 66.7 63.4
1776236400 47.4 49.5
1776236700 22.4 64.2
1776237000 55.8 95.9
1776237300 23 88.4
1776237600 63.4 81.2
1776237900 11.8 94.9
1776238200 65.7 87.2
1776238500 28 17.3
1776238800 48.4 10
1776239100 40.2 24.6
1776239400 58 53.1
1776239700 57.4 49.5
1776240000 2.3 76.6
1776240300 39.3 52.2
1776240600 39.7 6
1776240900 15.7 22.4
1776241200 90.8 38.1
1776241500 21.8 46.6
1776241800 69.2 44.9
1776242100 70.2 32.6
1776242400 61.3 17.2
1776242700 62.7 27
1776243000 4.4 26
1776243300 79.5 52.8
1776243600 36 55
1776243900 12.7 94
1776244200 8.1 5.3
1776244500 78.7 10.4
1776244800 81.9 18
1776245100 62.7 56.8
1776245400 59.3 13.6
1776245700 14.4 85.3
1776246000 86.9 36.3
1776246300 67.1 91.4
1776246600 16.4 37.3
1776246900 59.2 12.9
1776247200 54.5 22
1776247500 75.1 94.1
1776247800 48 89.8
1776248100 82.1 19.2
1776248400 44.8 94.8
1776248700 48.4 52.9
1776249000 0.1 27.1
1776249300 98.6 17.2
1776249600 80.3 96.5
1776249900 74.1 39.6
1776250200 45.3 88.5
1776250500 24.9 67.4
1776250800 60 27.2
1776251100 58.8 76.4
1776251400 64.5 18.1
1776251700 89.3 54.2
1776252000 75.3 99.6
1776252300 48.3 58.5
1776252600 89.5 65.7
1776252900 77.7 34.3
1776253200 60.5 26.1
1776253500 22.5 95.9
1776253800 88.4 56.3
1776254100 13.1 68.7
1776254400 52.8 22.4
1776254700 43.6 33.3
1776255000 11 3.7
1776255300 0.7 71
1776255600 31 59.6
1776255900 82.7 30.7
1776256200 12.9 7.2
1776256500 20.2 23.4
1776256800 6.9 3.7
1776257100 81.9 96.4
1776257400 69.4 94.8
1776257700 30.7 65.2
1776258000 56.1 53.2
1776258300 61.1 44.5
1776258600 9.5 9.4
1776258900 48.4 97.5
1776259200 31.9 92
1776259500 30.8 42.9
1776259800 95.8 66.8
1776260100 49.1 62
1776260400 26.4 31.8
1776260700 92.7 74.5
1776261000 39.1 12.9
1776261300 97.9 81.2
1776261600 16.7 15
1776261900 77.6 86.1
1776262200 9.8 8.3
1776262500 86.5 65.9
1776262800 96.8 47.6
1776263100 10.4 41.5
1776263400 92.3 94
1776263700 74.3 24.2
1776264000 86.1 40.3
1776264300 2.3 81.9
1776264600 7.1 86.6
1776264900 43.9 68.7
1776265200 18.5 71.8
1776265500 43.2 92.8
1776265800 84.8 76.3
1776266100 74 36.7
1776266400 91.3 86.8
1776266700 58 36.3
1776267000 30.3 44.6
1776267300 2.2 27.1
1776267600 27.4 47.8
1776267900 3.9 19.7
1776268200 41.9 78.2
1776268500 43.9 63.2
1776268800 53.7 81.4
1776269100 45.1 60.9
1776269400 68.1 24.2
1776269700 29.6 21.8
1776270000 31.2 8.1
1776270300 49.8 51.2
1776270600 84.4 59
1776270900 87.9 11
1776271200 45.8 81.2
1776271500 82.5 11.3
1776271800 61 84.8
1776272100 38.5 88.4
1776272400 67.8 77.6
1776272700 8.2 44.9
1776273000 91 87.3
1776273300 8.1 44.7
1776273600 4 88.4
1776273900 5.6 7.3
1776274200 47.8 35.3
1776274500 29.1 79.1
1776274800 78.6 14.1
1776275100 30.3 98.2
1776275400 73.1 53.5
1776275700 44.4 54.1
1776276000 34.7 27
1776276300 65.4 95.7
1776276600 47 39.1
1776276900 19.3 14.8
1776277200 51.9 27.5
1776277500 59.8 42.9
1776277800 50.1 67.9
1776278100 87.7 89.3
1776278400 91.6 28.5
1776278700 96.6 39.4
1776279000 99 25.7
1776279300 18.5 77.6
1776279600 75 48.9
1776279900 75.9 83.3
1776280200 37.6 20.3
1776280500 72.6 72.3
1776280800 47.3 73.2
1776281100 3.2 94.3
1776281400 12.4 22.5
1776281700 44.4 64.3
1776282000 85.3 39.4
1776282300 42.5 70.6
1776282600 42.5 65.4
1776282900 59.9 34.1
1776283200 93.9 56.5
1776283500 73.6 93
1776283800 17.4 92.1
1776284100 5.8 92.4
1776284400 76.2 16.9
1776284700 10.9 13.8
1776285000 37.3 83.5
1776285300 21.3 19.8
1776285600 56.7 24.5
1776285900 49.4 4.3
1776286200 82.3 29
1776286500 68.7 2.8
1776286800 68.4 46.4
1776287100 73.4 10.9
1776287400 11.8 68.5
1776287700 45.1 5.7
1776288000 60.2 18.7
1776288300 33.9 77.6
1776288600 46 39.8
1776288900 5.2 22.3
1776289200 91.9 16.1
1776289500 36.1 29.2
1776289800 34.8 57.5
1776290100 84.3 91.5
1776290400 17.2 68.9
1776290700 95.9 34.7
1776291000 97.9 99.8
1776291300 37.5 1.5
1776291600 46.2 46.1
1776291900 12.4 93.2
1776292200 14.6 92.7
1776292500 98.9 74.8
1776292800 46.6 68.1
1776293100 87.6 92.7
1776293400 43.1 28
1776293700 15 35
1776294000 79.3 86.3
1776294300 99.5 14.1
1776294600 79 19
1776294900 40.9 31.5
1776295200 87.9 36.8
1776295500 66.2 21
1776295800 71.8 39
1776296100 22.5 18
1776296400 85.1 70.1
1776296700 11.2 99.8
1776297000 98.1 45.3
1776297300 9.8 44.7
1776297600 48.6 32.7
1776297900 37.4 91.7
1776298200 60.7 87.6
1776298500 62 40.1
1776298800 9.2 61.5
1776299100 89.4 88.2
1776299400 80.5 30.3
1776299700 54.9 3.6
1776300000 2.3 21.2
1776300300 59.8 74.1
1776300600 60.2 17.5
1776300900 27.3 80.5
1776301200 22.8 73.7
1776301500 80.3 20.9
1776301800 19.1 25.4
1776302100 65.7 67.7
1776302400 58.1 38.3
1776302700 94.7 54
1776303000 26 56.7
1776303300 29.3 35.2
1776303600 53.4 54
1776303900 58.6 69.1
1776304200 84.3 13.6
1776304500 72.7 86.7
1776304800 70 32.5
1776305100 96 65.4
1776305400 85.2 23.4
1776305700 45.9 8
1776306000 97.1 61.5
1776306300 29 51.4
1776306600 22.1 29.9
1776306900 54.4 15.4
1776307200 68.2 49.1
1776307500 69.4 94.2
1776307800 41 34
1776308100 64.6 94.4
1776308400 88 58.5
1776308700 63.5 7.5
1776309000 7.3 71.4
1776309300 94.2 77.3
1776309600 39.1 25.5
1776309900 42.7 24.3
